6644	
11094	
27865	
32021	
39352	
43145	
57259	
67957	
74591	
76371	
87829	
103570	
107750	
118404	
128925	
132826	
139532	
147350	
152427	
158508	
169312	
178044	
198578	
202731	
209399	
213434	
216203	
224461	
233243	
245231	
255740	
264257	
269408	
281193	
292250	
294886	
311408	
320444	
327181	
339839	
352587	
356931	
366454	
369682	
382849	
388928	
390746	
399989	
425311	
437548	
447136	
453256	
460555	
462842	
479350	
485458	
506805	
511802	
520961	
537883	
542164	
572780	
584921	
591672	
604730	
626502	
629966	
642748	
652829	
654681	
661748	
672571	
695885	
702576	
727105	
745441	
778907	
780172	
783818	
788767	
793209	
798993	
805131	
822363	
830147	
839807	
845988	
874222	
876108	
888185	
908582	
910859	
918603	
924648	
943881	
945075	
953195	
957118	
964793	
999363	
1004698	
1009544	
1018239	
1035570	
1048618	
1064468	
1065833	
1078303	
1081901	
1088209	
1093149	
1103755	
1108567	
1118864	
1131996	
1141452	
1146753	
1152999	
1159549	
1166776	
1171271	
1180127	
1189729	
1202439	
1206959	
1234256	
1242229	
1249446	
1253887	
1260483	
1273470	
1281547	
1287572	
1292286	
1299657	
1305837	
1312619	
1323200	
1327996	
1333717	
1339929	
1342490	
1345431	
1356367	
1360554	
1363533	
1369294	
1372991	
1382491	
1390444	
1396997	
1402973	
1408879	
1418338	
1424565	
1433209	
1438868	
1440243	
1445535	
1451929	
1458863	
1477609	
1482008	
1492075	
1494829	
1505631	
1514458	
1518510	
1521790	
1530062	
1532106	
1538608	
1553775	
1558975	
1566382	
1590116	
1595605	
1597603	
1604761	
1609090	
1619454	
1626700	
1630182	
1636843	
1640743	
1649369	
1659989	
1665591	
1670578	
1673522	
1678092	
1683743	
1698295	
1701969	
1716335	
1720298	
1722797	
1725384	
1743111	
1758995	
1766830	
1770274	
1773856	
1779705	
1787631	
1792560	
1796220	
1800393	
1802996	
1813710	
1819934	
1823545	
1830101	
1833068	
1836858	
1855767	
1870992	
1879530	
1883949	
1888111	
1891494	
1899207	
1913301	
1920930	
1929021	
1935018	
1938329	
1946631	
1953229	
1965398	
1971555	
1979499	
1980968	
1986263	
1989485	
1994432	
2006364	
2012431	
2019632	
2023354	
2025985	
2030124	
2042765	
2050221	
2053199	
2056561	
2065012	
2068678	
2086470	
2090700	
2103766	
2109893	
2121455	
2125420	
2126416	
2132966	
2139023	
2148751	
2156284	
2162499	
2164069	
2171234	
2177191	
2179168	
2187469	
2195826	
2198688	
2206035	
2212371	
2222138	
2224104	
2228566	
2241302	
2243811	
2250398	
2257222	
2263685	
2268771	
2271483	
2274090	
2282012	
2292858	
2298507	
2307155	
2313011	
2316794	
2318687	
2324184	
2330515	
2344001	
2347549	
2352895	
2357985	
2370434	
2378151	
2384250	
2397799	
2403060	
2405994	
2415970	
2425017	
2431305	
2435152	
2438027	
2448268	
2455872	
2475731	
2480474	
2488171	
2494316	
2503448	
2510496	
2518128	
2520654	
2527152	
2545530	
2550271	
2566742	
2572317	
2575977	
2578695	
2588089	
2596102	
2614650	
2621750	
2628243	
2654005	
2670693	
2685920	
2691082	
2694494	
2697443	
2702243	
2735246	
2738105	
2745037	
2757335	
2774440	
2779532	
2791574	
2797794	
2804665	
2809701	
2813608	
2823422	
2830010	
2856417	
2878060	
2883416	
2886558	
2920037	
2927049	
2944165	
2954468	
2957921	
2959669	
2980585	
2998494	
3001339	
3013581	
3022015	
3033292	
3040780	
3044737	
3059381	
3077659	
3082236	
3090654	
3097503	
3128828	
3134819	
3152262	
3159042	
3169163	
3185426	
3195139	
3216187	
3221555	
3241858	
3247123	
3261381	
3278310	
3280992	
3286715	
3292064	
3304029	
3315747	
3324754	
3345758	
3374800	
3378875	
3405749	
3437073	
3451817	
3454981	
3471331	
3479973	
3483211	
3487087	
3498586	
3506327	
3509242	
3522520	
3527144	
3539003	
3544102	
3548081	
3551224	
3560894	
3562885	
3570454	
3572657	
3583438	
3603415	
3606361	
3615184	
3618784	
3625855	
3639311	
3655744	
3658474	
3679693	
3692717	
3730768	
3754707	
3759432	
3764638	
3776761	
3784567	
3793917	
3801059	
3826467	
3838597	
3840673	
3849866	
3852906	
3862346	
3873850	
3876588	
3885764	
3889484	
3897747	
3908886	
3914120	
3942122	
3949608	
3959808	
3964524	
3968977	
3978830	
3980744	
3988104	
3991972	
4001613	
4008300	
4011785	
4019941	
4023570	
4037529	
4042654	
4047675	
4060113	
4062179	
4069709	
4077904	
4081272	
4096371	
4102901	
4112044	
4116724	
4119214	
4122469	
4124338	
4139963	
4144246	
4148893	
4163859	
4172917	
4180979	
4209285	
4212882	
4215025	
4224503	
4232445	
4233236	
4237997	
4255995	
4284132	
4291232	
4299356	
4320013	
4323720	
4328013	
4348864	
4353955	
4356713	
4380646	
4381762	
4389579	
4392080	
4398833	
4403122	
4416249	
4420622	
4423058	
4425224	
4427053	
4431277	
4446254	
4454825	
4457094	
4459645	
4473242	
4477976	
4492311	
4498306	
4509293	
4524238	
4546336	
4568347	
4571500	
4589177	
4593063	
4602512	
4603768	
4624586	
4635197	
4643095	
4656848	
4660914	
4674799	
4688246	
4698052	
4706786	
4716751	
4727136	
4743288	
4752786	
4755155	
4771170	
4781298	
4784762	
4790198	
4797971	
4807764	
4827481	
4831659	
4834635	
4852073	
4855783	
4895580	
4900098	
4911250	
4915784	
4918488	
4924437	
4939037	
4942019	
4947359	
4948489	
4954549	
4961002	
4963343	
4974913	
4981956	
4986247	
4988052	
4996697	
4998981	
5001972	
5018949	
5023665	
5032407	
5037124	
5048109	
5059038	
5066084	
5070292	
5078594	
5090393	
5112032	
5113746	
5125105	
5128607	
5134284	
5144743	
5150984	
5155941	
5184733	
5187573	
5193298	
5196221	
5201521	
5224952	
5231870	
5236254	
5249144	
5253381	
5256089	
5260182	
5267054	
5274344	
5287334	
5291280	
5292399	
5314602	
5317462	
5326046	
5348855	
5363839	
5396678	
5422059	
5429090	
5430429	
5434088	
5436408	
5470305	
5475420	
5495536	
5507414	
5509455	
5514386	
5520743	
5527990	
5532256	
5539248	
5552953	
5554752	
5572123	
5576538	
5580949	
5583464	
5592062	
5600332	
5606396	
5622206	
5631295	
5633962	
5650028	
5656771	
5668315	
5674736	
5677489	
5684814	
5694833	
5698333	
5704759	
5715885	
5719327	
5721300	
5739397	
5746186	
5748595	
5758943	
5769702	
5771437	
5773402	
5784149	
5789669	
5806222	
5811683	
5826456	
5831642	
5841269	
5855356	
5865052	
5871316	
5881222	
5890626	
5893511	
5901119	
5904733	
5912131	
5931464	
5936602	
5954400	
5958727	
5961445	
5966203	
5974088	
5996160	
6003667	
6007189	
6010826	
6027064	
6031195	
6054278	
6056228	
6061263	
6064912	
6068616	
6103119	
6106432	
6123626	
6137326	
6150404	
6159851	
6163562	
6175154	
6181813	
6215433	
6219605	
6220387	
6235851	
6251498	
6264951	
6271687	
6290230	
6298456	
6310895	
6314534	
6317723	
6330866	
6358885	
6364976	
6377709	
6384751	
6396986	
6405177	
6413051	
6421292	
6424070	
6436425	
6453182	
6461140	
6464965	
6472618	
6475832	
6478231	
6480148	
6488918	
6496902	
6518199	
6523992	
6533143	
6536705	
6540636	
6552981	
6554267	
6564414	
6570902	
6586165	
6590473	
6597382	
6603496	
6610467	
6622705	
6643668	
6649309	
6652883	
6657080	
6661179	
6663603	
6665435	
6673585	
6678598	
6682105	
6688592	
6692922	
6717517	
6727740	
6737252	
6743204	
6744409	
6747066	
6768387	
6778984	
6824000	
6834012	
6859950	
6872058	
6886132	
6900541	
6906682	
6933522	
6946221	
6958485	
6979319	
6982495	
6992280	
6995388	
6998814	
7014361	
7031983	
7034580	
7040849	
7063577	
7068592	
7081941	
7087860	
7100349	
7112670	
7117788	
7127579	
7136280	
7148106	
7153150	
7175058	
7179710	
7210863	
7238358	
7239914	
7247795	
7252174	
7259707	
7261857	
7268669	
7281049	
7290139	
7299730	
7302531	
7308742	
7317810	
7319966	
7345792	
7359739	
7371664	
7373496	
7396913	
7412004	
7417106	
7419831	
7422976	
7439961	
7441723	
7458011	
7467274	
7486345	
7489616	
7501757	
7506583	
7522667	
7528255	
7532823	
7537105	
7541339	
7553748	
7568970	
7578590	
7584169	
7618395	
7620934	
7645491	
7660788	
7665172	
7679987	
7682138	
7694783	
7706040	
7708230	
7713716	
7716490	
7735059	
7752672	
7761437	
7771481	
7796684	
7803972	
7824531	
7833316	
7841574	
7847092	
7863700	
7868359	
7876839	
7881285	
7891800	
7909763	
7921055	
7929665	
7934529	
7955135	
7959946	
7974110	
7978048	
7990964	
7996051	
8005058	
8012410	
8037312	
8056804	
8062660	
8067814	
8074942	
8079176	
8086361	
8089658	
8093606	
8106716	
8115022	
8118630	
8129631	
8134822	
8140075	
8144345	
8153031	
8162134	
8170071	
8178747	
8185495	
8208385	
8217582	
8227719	
8234657	
8242410	
8245223	
8255124	
8264330	
8265616	
8274295	
8282498	
8287037	
8291686	
8294996	
8298105	
8300408	
8302557	
8318998	
8328042	
8332586	
8338651	
8345252	
8364518	
8377209	
8391319	
8407262	
8419405	
8437189	
8444890	
8459098	
8474344	
8483365	
8503287	
8513411	
8530602	
8536384	
8538103	
8548698	
8564235	
8571719	
8575896	
8585549	
8589705	
8595605	
8615290	
8619104	
8624278	
8632811	
8645500	
8653486	
8656820	
8668577	
8682746	
8691834	
8700615	
8706384	
8718747	
8727588	
8730926	
8735998	
8744468	
8757783	
8771316	
8774325	
8815195	
8821935	
8826470	
8833948	
8842621	
8848239	
8852491	
8858566	
8865212	
8867905	
8872039	
8873724	
8877241	
8884903	
8886680	
8905793	
8908186	
8919765	
8922754	
8924380	
8934083	
8950390	
8959573	
8961009	
8981765	
9006566	
9012978	
9019986	
9023080	
9026834	
9035999	
9066678	
9080403	
9088138	
9095021	
9112126	
9115460	
9129878	
9145130	
9150194	
9156729	
9159899	
9168319	
9172491	
9176765	
9179036	
9186593	
9191646	
9196102	
9201353	
9209103	
9222313	
9229876	
9232772	
9239088	
9244937	
9248428	
9261743	
9278224	
9286432	
9293436	
9308612	
9314056	
9324442	
9343958	
9348134	
9366330	
9371723	
9374400	
9383298	
9390901	
9399292	
9404082	
9407765	
9410544	
9417956	
9422920	
9431089	
9434432	
9442260	
9448357	
9452569	
9455827	
9461604	
9475144	
9481602	
9499763	
9511464	
9524639	
9527873	
9528652	
9541567	
9544930	
9548957	
9554256	
9558209	
9569366	
9573546	
9582410	
9594990	
9599346	
9612338	
9614215	
9618506	
9622738	
9631063	
9638255	
9642246	
9653680	
9656885	
9667317	
9669957	
9678100	
9694444	
9700014	
9706525	
9710343	
9718164	
9727980	
9743564	
9750896	
9766549	
9783912	
9787401	
9812651	
9824300	
9830106	
9836050	
9840719	
9849215	
9857112	
9874925	
9882849	
9896054	
9913357	
9918437	
9925481	
9937205	
9950310	
9967649	
9988988	
10003318	
10023427	
10028538	
10033859	
10038782	
10041855	
10047698	
10053191	
10059444	
10064252	
10071597	
10079018	
10082580	
10086195	
10099454	
10114532	
10116683	
10125638	
10126748	
10130633	
10136553	
10137780	
10152114	
10153831	
10159406	
10169297	
10172530	
10176029	
10181553	
10196410	
10200784	
10205090	
10210769	
10213860	
10219225	
10220381	
10230895	
10236330	
10242569	
10249461	
10250732	
10262425	
10269494	
10271398	
10275756	
10280584	
10286940	
10291724	
10294591	
10296470	
10298711	
10305516	
10313663	
10317713	
10320770	
10331342	
10348904	
10361636	
10372796	
10375355	
10378444	
10381178	
10390935	
10396032	
10404276	
10410337	
10417077	
10422281	
10423981	
10430560	
10437653	
10441521	
10446923	
10454261	
10457942	
10464524	
10477864	
10483520	
10490453	
10503197	
10510327	
10512594	
10516402	
10521149	
10525501	
10529066	
10536438	
10544181	
10548697	
10551786	
10556520	
10561653	
10563865	
10567013	
10570056	
10573523	
10576435	
10584354	
10595124	
10604113	
10611075	
10614548	
10618486	
10628239	
10632448	
10637128	
10648960	
10652985	
10656503	
10661061	
10667909	
10676417	
10680786	
10687077	
10693687	
10697925	
10707044	
10711668	
10713511	
10720244	
10727458	
10733256	
10735212	
10737342	
10741291	
10748658	
10751810	
10754515	
10762238	
10782801	
10799301	
10803971	
10812008	
10820656	
10826694	
10828410	
10846435	
10850255	
10861361	
10866524	
10871154	
10873118	
10874858	
10880754	
10882981	
10885786	
10892808	
10894638	
10902310	
10910812	
10915694	
10920743	
10929400	
10943677	
10949485	
10960986	
10965388	
10969345	
10973987	
10979118	
10997535	
11002903	
11006452	
11019312	
11024316	
11032830	
11039620	
11052185	
11057872	
11080176	
11087988	
11092858	
11103417	
11105862	
11122800	
11144383	
11147368	
11153243	
11164792	
11168174	
11171187	
11175709	
11179402	
11185014	
11188784	
11198708	
11205395	
11211562	
11215024	
11229999	
11234072	
11237513	
11239715	
11242849	
11244979	
11254256	
11263811	
11267129	
11268652	
11272863	
11279290	
11289257	
11300003	
11304489	
11305636	
11313250	
11314442	
11327626	
11331056	
11335314	
11348707	
11351736	
11357536	
11361154	
11366662	
11371992	
11373058	
11375858	
11380092	
11385058	
11391950	
11396393	
11405399	
11409001	
11421628	
11424066	
11425950	
11430812	
11433141	
11435517	
11445925	
11447447	
11451334	
11454786	
11457715	
11461318	
11469613	
11475011	
11477983	
11483300	
11488704	
11532975	
11540386	
11557829	
11578782	
11583053	
11585546	
11587008	
11600387	
11609371	
11640017	
11643112	
11644442	
11666525	
11678869	
11705854	
11714979	
11721401	
11726152	
11728888	
11732603	
11737282	
11740599	
11745766	
11748402	
11753535	
11757811	
11761103	
11763038	
11769574	
11784529	
11788036	
11796402	
11801330	
11804147	
11809354	
11818712	
11820715	
11829670	
11833610	
11837869	
11839064	
11842721	
11857549	
11862831	
11881025	
11885219	
11886948	
11895419	
11898298	
11905099	
11909308	
11916132	
11918801	
11922182	
11923616	
11930303	
11943102	
11944798	
11951806	
11955072	
11961990	
11967146	
11972528	
11978300	
11985532	
11987721	
11990924	
11996857	
11999527	
12001237	
12005637	
12008624	
12018103	
12019501	
12022930	
12029704	
12033678	
12048180	
12050449	
12054805	
12056162	
12058678	
12061669	
12065213	
12067083	
12071841	
12077884	
12080059	
12093138	
12096111	
12097698	
12098824	
12101704	
12107969	
12110955	
12112326	
12114428	
12118221	
12120706	
12125415	
12133366	
12135844	
12142442	
12146174	
12160085	
12164097	
12167775	
12170302	
12177382	
12179955	
12184280	
12186866	
12190751	
12196758	
12200808	
12205625	
12209234	
12211397	
12217636	
12219803	
12224082	
12229879	
12232594	
12237556	
12240767	
12242352	
12250068	
12253017	
12257340	
12264886	
12269608	
12273291	
12274707	
12279387	
12282534	
12284142	
12286699	
12289497	
12296627	
12302523	
12306478	
12311920	
12317198	
12323032	
12324468	
12329501	
12331440	
12340522	
12342996	
12347664	
12349594	
12351829	
12353521	
12359224	
12366549	
12371567	
12377412	
12380700	
12381812	
12383214	
12392516	
12400562	
12402997	
12405631	
12408733	
12418572	
12432585	
12436524	
12452014	
12456833	
12459907	
12465457	
12469546	
12476576	
12478688	
12482040	
12484659	
12492770	
12497742	
12498675	
12501883	
12510371	
12522001	
12527079	
12529045	
12537087	
12540388	
12549036	
12554541	
12563893	
12566588	
12574148	
12577813	
12586723	
12588450	
12593123	
12599171	
12604067	
12609728	
12613433	
12619849	
12622199	
12623806	
12626381	
12629191	
12633232	
12635657	
12639535	
12641710	
12647429	
12649441	
12659855	
12674254	
12677622	
12689427	
12693251	
12695475	
12699189	
12706368	
12709924	
12713453	
12716095	
12718467	
12721016	
12722907	
12725760	
12738108	
12741469	
12745568	
12752360	
12755867	
12761921	
12771225	
12773597	
12777847	
12782597	
12784303	
12786941	
12791869	
12804161	
12806426	
12811784	
12816586	
12819834	
12824140	
12828195	
12829461	
12834345	
12837554	
12839552	
12841770	
12845080	
12850910	
12854512	
12857353	
12862735	
12865506	
12868866	
12871887	
12879898	
12887246	
12891573	
12894019	
12910543	
12914897	
12919161	
12922354	
12932760	
12936714	
12940050	
12942764	
12945652	
12951188	
12953675	
12955517	
12957095	
12959085	
12970527	
12976811	
12982050	
12983853	
12991239	
12993752	
12997611	
13000485	
13004327	
13009090	
13012274	
13014103	
13021370	
13024909	
13028126	
13038056	
13040828	
13044203	
13047839	
13049587	
13052943	
13060826	
13068846	
13071571	
13081689	
13082950	
13087937	
13091652	
13099014	
13100981	
13103686	
13113707	
13115541	
13117349	
13120134	
13122151	
13123472	
13131772	
13134855	
13143016	
13148788	
13158890	
13162530	
13163664	
13167910	
13169716	
13172989	
13179074	
13180189	
13187998	
13189654	
13190640	
13195433	
13201605	
13202853	
13207834	
13210418	
13213265	
13226480	
13229320	
13230999	
13232370	
13234948	
13236309	
13240035	
13243294	
13253445	
13258489	
13260182	
13263829	
13266785	
13270289	
13273702	
13287136	
13296734	
13298135	
13300950	
13306827	
13309967	
13312521	
13323626	
13324750	
13327892	
13335670	
13343323	
13345153	
13351026	
13355634	
13358873	
13360310	
13371660	
13373969	
13376649	
13380548	
13386764	
13390893	
13396029	
13401124	
13406699	
13414290	
13419676	
13422723	
13428698	
13435088	
13441231	
13444338	
13447204	
13452931	
13455503	
13458062	
13460006	
13463178	
13467704	
13469186	
13472170	
13476777	
13491257	
13494966	
13499079	
13501975	
13505925	
13510349	
13512967	
13515250	
13516889	
13520139	
13525825	
13531395	
13534992	
13542137	
13547108	
13550923	
13556100	
13560089	
13568397	
13569627	
13576954	
13580226	
13585729	
13589738	
13597153	
13606620	
13609877	
13611759	
13615160	
13626331	
13637530	
13638975	
13641457	
13646959	
13649506	
13654681	
13656642	
13666939	
13671143	
13673591	
13675800	
13683369	
13689545	
13691412	
13698222	
13700993	
13708447	
13717995	
13720170	
13724873	
13737018	
13739319	
13741667	
13744369	
13748357	
13754065	
13761845	
13764560	
13767736	
13771244	
13783188	
13788194	
13790530	
13792854	
13801910	
13804310	
13809466	
13815657	
13818708	
13822044	
13829580	
13838812	
13844781	
13853811	
13859427	
13863842	
13866840	
13870244	
13871134	
13873833	
13876229	
13878856	
13884122	
13888726	
13890989	
13899618	
13908096	
13910200	
13916659	
13919917	
13923986	
13926988	
13933514	
13936346	
13943920	
13949992	
13955037	
13956391	
13958607	
13967212	
13968987	
13976310	
13979482	
13983573	
13988433	
13992670	
13994722	
13996419	
14000374	
14003556	
14008225	
14015429	
14021097	
14027126	
14029313	
14035316	
14037864	
14043383	
14047201	
14050872	
14052635	
14057733	
14063319	
14065028	
14072080	
14073930	
14076700	
14077828	
14079996	
14082240	
14086792	
14091356	
14095456	
14097398	
14101394	
14108907	
14110870	
14115237	
14116379	
14126647	
14128120	
14130772	
14132881	
14137934	
14140610	
14142494	
14144930	
14148786	
14150907	
14152932	
14162021	
14165773	
14167400	
14174416	
14176527	
14178361	
14180915	
14187125	
14188307	
14192293	
14196152	
14198541	
14204396	
14213940	
14218656	
14221505	
14225049	
14226933	
14234052	
14241759	
14263707	
14265381	
14268744	
14274839	
14279356	
14282088	
14284967	
14288388	
14292478	
14299316	
14305853	
14310495	
14313867	
14322304	
14324393	
14327453	
14332969	
14337035	
14343428	
14346479	
14347650	
14354077	
14362126	
14365470	
14368336	
14369779	
14372105	
14375784	
14384782	
14387053	
14405145	
14406900	
14409373	
14412965	
14414808	
14418066	
14424310	
14428753	
14432202	
14446522	
14447960	
14449678	
14452304	
14457285	
14460921	
14467166	
14481462	
14484642	
14487965	
14492104	
14493740	
14504104	
14506554	
14509240	
14516148	
14517509	
14518885	
14521418	
14522903	
14526598	
14535010	
14537063	
14541515	
14544167	
14547669	
14549231	
14551801	
14554989	
14563243	
14564424	
14570363	
14575290	
14582744	
14587110	
14592876	
14597445	
14600969	
14603935	
14606895	
14611034	
14614978	
14619201	
14620593	
14625214	
14626784	
14630237	
14631710	
14636005	
14643438	
14644896	
14648936	
14652675	
14654017	
14656978	
14660904	
14662555	
14673828	
14675874	
14677025	
14680668	
14682863	
14686409	
14691449	
14698457	
14701126	
14702521	
14704520	
14707522	
14712794	
14714111	
14743817	
14750968	
14751997	
14757017	
14758575	
14761477	
14766337	
14768364	
14770306	
14777337	
14779908	
14781367	
14784927	
14786331	
14799066	
14800933	
14802781	
14807650	
14816190	
14824471	
14825921	
14829979	
14833028	
14839662	
14842928	
14848010	
14849907	
14853030	
14859381	
14868446	
14870497	
14875975	
14883206	
14894534	
14896590	
14900187	
14902999	
14904053	
14906131	
14910312	
14915375	
14918437	
14923856	
14927451	
14933802	
14935599	
14936930	
14939022	
14940166	
14942963	
14957595	
14963778	
14965025	
14966641	
14974079	
14983191	
14984381	
14989147	
14991197	
14992143	
14995728	
15000754	
15008984	
15012567	
15020908	
15023921	
15026339	
15032191	
15036534	
15040243	
15043354	
15051264	
15052054	
15055628	
15057032	
15059750	
15062179	
15063763	
15066304	
15068500	
15070789	
15076520	
15077869	
15086272	
15091889	
15096649	
15099224	
15101284	
15102405	
15111216	
15116504	
15117974	
15119382	
15125957	
15128270	
15130686	
15134837	
15139238	
15146239	
15154429	
15168530	
15177869	
15180838	
15186541	
15190864	
15192630	
15198067	
15202029	
15204095	
15207828	
15213118	
15215410	
15223242	
15224810	
15226171	
15229656	
15236341	
15244950	
15249205	
15259499	
15261727	
15263756	
15273207	
15283182	
15286687	
15297196	
15306667	
15313694	
15316397	
15318338	
15325092	
15328179	
15335982	
15345577	
15347593	
15356212	
15358333	
15363886	
15368297	
15369549	
15373878	
15375300	
15379674	
15388685	
15396666	
15399884	
15404876	
15414037	
15420431	
15422359	
15429082	
15434326	
15436839	
15447793	
15455300	
15459523	
15463139	
15465014	
15469667	
15472303	
15475352	
15477282	
15479914	
15481953	
15484663	
15489911	
15496967	
15499957	
15505287	
15510718	
15520521	
15522447	
15528296	
15529831	
15535685	
15539825	
15543553	
15547643	
15558752	
15562130	
15567615	
15569318	
15573198	
15579827	
15583859	
15586628	
15591742	
15593623	
15598149	
15600264	
15603134	
15608617	
15612538	
15615602	
15618107	
15622453	
15624390	
15627565	
15633761	
15638403	
15642884	
15646188	
15651674	
15652997	
15654541	
15659150	
15661959	
15667322	
15671617	
15673281	
15674966	
15682070	
15683965	
15686155	
15695442	
15696973	
15705934	
15723092	
15727839	
15731973	
15733696	
15736217	
15739083	
15742437	
15746271	
15754686	
15755603	
15763089	
15765121	
15768933	
15772392	
15777962	
15783765	
15788535	
15794114	
15795915	
15797407	
15810000	
15813191	
15817636	
15822359	
15827917	
15837695	
15843006	
15848505	
15859323	
15861387	
15863035	
15866403	
15868798	
15871750	
15873063	
15876140	
15878864	
15883399	
15887090	
15889257	
15891852	
15895950	
15899926	
15903578	
15907087	
15916042	
15919973	
15922490	
15925092	
15932116	
15935639	
15938689	
15951872	
15954705	
15967897	
15971205	
15974314	
15986655	
15988551	
15991683	
15995611	
16007174	
16009248	
16018125	
16024553	
16027791	
16035972	
16037207	
16038488	
16043825	
16048807	
16050723	
16058971	
16061533	
16067553	
16071364	
16085084	
16086862	
16093743	
16098319	
16102780	
16104610	
16108979	
16116139	
16118197	
16131102	
16134054	
16138349	
16140351	
16144365	
16149640	
16152622	
16154946	
16161445	
16167213	
16173543	
16178908	
16180481	
16183798	
16185918	
16192942	
16194402	
16197200	
16203116	
16205309	
16210145	
16214552	
16216947	
16221157	
16224555	
16227278	
16229350	
16231595	
16235227	
16241897	
16245715	
16253159	
16256870	
16264789	
16269387	
16272155	
16276737	
16278800	
16285372	
16287253	
16289221	
16293247	
16300170	
16305071	
16311103	
16314303	
16317991	
16325292	
16328724	
16330525	
16332882	
16339828	
16343408	
16345188	
16356508	
16358850	
16365229	
16373086	
16380910	
16387209	
16388772	
16391093	
16395331	
16396889	
16398825	
16401834	
16407052	
16415497	
16419979	
16425112	
16427968	
16430665	
16439666	
16444157	
16452833	
16458938	
16464258	
16467724	
16469087	
16477373	
16482203	
16486277	
16494517	
16496799	
16500066	
16504715	
16509426	
16511893	
16514385	
16517270	
16518532	
16522091	
16531636	
16534764	
16538189	
16548529	
16553501	
16570944	
16576812	
16579973	
16581241	
16588040	
16591702	
16593036	
16597143	
16603348	
16604400	
16607169	
16609232	
16614399	
16620908	
16625274	
16629377	
16640214	
16642411	
16646274	
16664199	
16668028	
16671678	
16676619	
16678003	
16687257	
16688950	
16700661	
16704203	
16718140	
16724016	
16730388	
16733453	
16741556	
16746950	
16761099	
16767273	
16769707	
16773223	
16776695	
16780597	
16785493	
16787054	
16796259	
16797927	
16808278	
16821604	
16832621	
16835858	
16838514	
16841283	
16846707	
16866109	
16870083	
16872248	
16877193	
16879708	
16882061	
16894873	
16896199	
16907043	
16912737	
16917505	
16920300	
16921971	
16923479	
16936863	
16938352	
16949904	
16952142	
16954212	
16956175	
16965115	
16969637	
16972111	
16973619	
16977804	
16980366	
16990113	
17000720	
17004458	
17010597	
17013820	
17016537	
17022332	
17027582	
17029693	
17031677	
17040979	
17045116	
17046524	
17048440	
17054501	
17063679	
17073810	
17076930	
17080093	
17082354	
17088742	
17090921	
17093336	
17094740	
17097194	
17103529	
17125624	
17131175	
17135815	
17144913	
17151154	
17153614	
17160773	
17167647	
17170663	
17172844	
17178900	
17192361	
17195755	
17197112	
17199304	
17203156	
17205856	
17208592	
17211301	
17213521	
17216014	
17221282	
17225942	
17233797	
17236888	
17245403	
17249474	
17251662	
17255246	
17260523	
17265557	
17268529	
17270142	
17278048	
17283478	
17286335	
17287846	
17290384	
17293375	
17296581	
17299947	
17305694	
17307502	
17314024	
17316217	
17318287	
17322008	
17326277	
17327668	
17333326	
17337590	
17342184	
17345979	
17350069	
17354395	
17358663	
17360597	
17362713	
17367254	
17370617	
17376869	
17383831	
17385768	
17390392	
17391976	
17395316	
17396426	
17400397	
17406509	
17410572	
17412857	
17429206	
17433418	
17435282	
17441598	
17445030	
17457110	
17460782	
17462831	
17469873	
17474130	
17475087	
17479708	
17481093	
17483731	
17486515	
17497435	
17499217	
17500169	
17503438	
17506601	
17513743	
17518033	
17520386	
17522935	
17526674	
17528045	
17534903	
17544344	
17546650	
17549313	
17557107	
17561169	
17565300	
17571541	
17575224	
17577242	
17579638	
17590398	
17592383	
17595685	
17599929	
17606229	
17608767	
17611916	
17617208	
17621023	
17625128	
17630622	
17637722	
17640678	
17649460	
17650792	
17654731	
17669850	
17673503	
17675884	
17679809	
17684259	
17685501	
17687501	
17692282	
17694670	
17696321	
17708331	
17709563	
17712461	
17717345	
17724127	
17726225	
17733699	
17735749	
17754689	
17756082	
17757836	
17761664	
17763992	
17766582	
17771683	
17784906	
17790540	
17800593	
17802702	
17806901	
17813922	
17818306	
17819661	
17821994	
17823921	
17825214	
17827042	
17834639	
17837090	
17839162	
17842160	
17844240	
17846889	
17849317	
17850624	
17854941	
17863886	
17870901	
17875505	
17878310	
17881017	
17882308	
17888175	
17891103	
17893794	
17896263	
17901663	
17905228	
17907656	
17909926	
17912803	
17923079	
17926030	
17931598	
17949440	
17950739	
17952132	
17956038	
17963035	
17966020	
17973975	
17984982	
17988349	
17991076	
17994606	
18002246	
18010904	
18014988	
18017312	
18023523	
18027464	
18028533	
18037924	
18041970	
18045966	
18053118	
18056364	
18065007	
18066125	
18069029	
18075642	
18077912	
18081241	
18084724	
18099055	
18106556	
18113010	
18115441	
18119099	
18122251	
18131092	
18139155	
18143315	
18148519	
18153839	
18158609	
18163071	
18169564	
18173846	
18175002	
18182633	
18184127	
18188247	
18192681	
18193501	
18197183	
18202177	
18208734	
18211430	
18213982	
18215860	
18218812	
18224031	
18225837	
18233033	
18239581	
18243746	
18250852	
18255808	
18267260	
18275585	
18281335	
18285630	
18287814	
18296343	
18298037	
18300816	
18304224	
18310019	
18316043	
18318250	
18323965	
18330495	
18337424	
18339132	
18344879	
18354470	
18361810	
18370962	
18377191	
18379283	
18387169	
18391349	
18393031	
18396290	
18400171	
18403196	
18409003	
18411204	
18414549	
18415704	
18422953	
18427592	
18433521	
18440010	
18444584	
18448000	
18449957	
18453741	
18459576	
18468366	
18472200	
18481445	
18497630	
18499143	
18503356	
18506911	
18509716	
18515986	
18522369	
18525737	
18530206	
18533465	
18537215	
18546971	
18549780	
18552638	
18555551	
18559629	
18567895	
18569983	
18579377	
18585118	
18590738	
18596560	
18607264	
18611991	
18616133	
18617969	
18620904	
18622720	
18623647	
18625736	
18631743	
18634462	
18639787	
18641427	
18644670	
18647784	
18650423	
18652991	
18654701	
18661418	
18663604	
18667614	
18669016	
18670820	
18672800	
18675323	
18678413	
18683125	
18687396	
18689200	
18693887	
18698482	
18702936	
18705124	
18708905	
18723239	
18726710	
18730022	
18738653	
18742787	
18748860	
18755792	
18760259	
18762225	
18769503	
18774461	
18777040	
18780505	
18786924	
18789217	
18791520	
18792475	
18810145	
18811816	
18819379	
18821583	
18829178	
18833998	
18843254	
18846390	
18848720	
18851694	
18854875	
18856152	
18866072	
18871648	
18875430	
18877417	
18879272	
18883702	
18887879	
18900961	
18903536	
18910416	
18912097	
18914314	
18917287	
18922303	
18935983	
18937079	
18944061	
18945698	
18947712	
18955823	
18959908	
18962742	
18966527	
18969708	
18984179	
18986051	
18988675	
18990014	
18992863	
18996852	
18998623	
19000248	
19003126	
19006039	
19013322	
19016803	
19031619	
19034021	
19035276	
19038499	
19040482	
19048177	
19050185	
19053650	
19059400	
19061984	
19068276	
19071817	
19076428	
19080555	
19096944	
19099059	
19102446	
19114914	
19116174	
19128788	
19138537	
19140377	
19143019	
19151332	
19159220	
19161319	
19163512	
19171515	
19179164	
19182249	
19183309	
19194906	
19197414	
19204036	
19207383	
19212667	
19213756	
19218259	
19222837	
19227374	
19228422	
19231088	
19233774	
19235066	
19237374	
19244822	
19248221	
19250642	
19252082	
19258832	
19260191	
19268757	
19279996	
19282965	
19285778	
19292923	
19305574	
19311080	
19317286	
19319523	
19322266	
19328380	
19330390	
19336066	
19344600	
19348043	
19351187	
19355228	
19360115	
19360938	
19388438	
19391009	
19392182	
19400080	
19403721	
19416940	
19420624	
19426404	
19428472	
19432180	
19438362	
19439741	
19441692	
19444815	
19447819	
19461275	
19469898	
19472381	
19475910	
19477281	
19479042	
19485796	
19490760	
19492867	
19499466	
19501855	
19505299	
19506579	
19520669	
19526967	
19537145	
19540015	
19543145	
19548292	
19549859	
19563289	
19564670	
19574751	
19579960	
19582272	
19588696	
19591198	
19597061	
19600717	
19607047	
19611296	
19613929	
19615854	
19617466	
19620758	
19628074	
19632508	
19636415	
19637451	
19641307	
19648920	
19659520	
19665566	
19667681	
19670484	
19672041	
19677860	
19681762	
19695179	
19703510	
19704789	
19706810	
19718473	
19720263	
19727814	
19731170	
19733740	
19748227	
19751399	
19754165	
19765644	
19767500	
19770432	
19773643	
19782962	
19784648	
19789140	
19791069	
19799783	
19811761	
19816026	
19821900	
19829393	
19836477	
19840732	
19844744	
19846636	
19856549	
19858407	
19871183	
19877546	
19881613	
19888585	
19893486	
19896136	
19899556	
19912236	
19917330	
19920391	
19923845	
19925417	
19934735	
19938570	
19947557	
19949834	
19961830	
19970788	
19981036	
19982452	
19985923	
19988574	
19990958	
19995781	
19999081	
20000441	
20010409	
20014889	
20024856	
20026106	
20033058	
20039074	
20042204	
20047299	
20048769	
20056967	
20066458	
20067864	
20070161	
20072020	
20076026	
20080479	
20090301	
20093676	
20096744	
20104604	
20111274	
20113101	
20119639	
20126497	
20132181	
20134559	
20136995	
20140300	
20143045	
20151890	
20157461	
20161204	
20165697	
20168946	
20170925	
20172621	
20177190	
20180736	
20187711	
20192869	
20196634	
20203057	
20207060	
20209339	
20211402	
20214490	
20217262	
20222183	
20224666	
20227515	
20233514	
20236006	
20239453	
20242780	
20245860	
20252334	
20257846	
20268146	
20269829	
20279009	
20290545	
20293402	
20296308	
20300029	
20301807	
20304667	
20310726	
20312077	
20322076	
20324187	
20330912	
20344727	
20348834	
20361533	
20365608	
20381157	
20383947	
20389482	
20391118	
20396969	
20398805	
20400641	
20401970	
20404829	
20419838	
20428814	
20433383	
20434978	
20438661	
20443046	
20444756	
20447677	
20455099	
20457128	
20467469	
20478124	
20484268	
20486879	
20488711	
20499541	
20516390	
20525784	
20529854	
20544751	
20550544	
20552535	
20554228	
20559329	
20562134	
20570940	
20573137	
20576061	
20578268	
20581423	
20586004	
20591759	
20593083	
20596956	
20600343	
20616510	
20630187	
20634788	
20650403	
20653061	
20654317	
20662746	
20669656	
20673782	
20675487	
20677631	
20686374	
20693498	
20695096	
20698348	
20702293	
20707438	
20709632	
20730840	
20739861	
20741361	
20747460	
20754094	
20755048	
20756716	
20759938	
20762924	
20765408	
20769291	
20783017	
20784681	
20789603	
20790952	
20792783	
20801623	
20804213	
20807623	
20811640	
20818362	
20820462	
20822823	
20823858	
20827745	
20839268	
20842324	
20850638	
20853071	
20853958	
20855762	
20858361	
20862844	
20866333	
20869017	
20881246	
20882456	
20885340	
20887758	
20890130	
20891833	
20904196	
20912065	
20916548	
20922539	
20928612	
20936238	
20951382	
20960248	
20969701	
20978796	
20984202	
20986091	
20988459	
20999092	
21005812	
21008489	
21012749	
21016145	
21019747	
21034852	
21037337	
21042013	
21043917	
21053562	
21057257	
21059076	
21069301	
21072027	
21073895	
21076864	
21080057	
21086617	
21092875	
21099695	
21105964	
21108213	
21110958	
21112232	
21113715	
21115593	
21116984	
21121146	
21124146	
21131633	
21136671	
21140972	
21147447	
21155706	
21158840	
21161926	
21173561	
21177723	
21184386	
21195882	
21199064	
21200809	
21204329	
21205795	
21217163	
21220227	
21223339	
21237169	
21243127	
21244792	
21253491	
21261036	
21264994	
21267843	
21271773	
21275305	
21277289	
21278851	
21282921	
21284319	
21289873	
21291716	
21293356	
21294856	
21298785	
21301468	
21307061	
21310911	
21313139	
21318788	
21325261	
21329183	
21330780	
21334259	
21337644	
21345878	
21350706	
21354414	
21359339	
21367230	
21369756	
21372312	
21376941	
21385834	
21397384	
21402550	
21408598	
21413488	
21427251	
21429425	
21434008	
21436691	
21437926	
21440719	
21452026	
21455328	
21458874	
21461769	
21464530	
21466326	
21468195	
21471246	
21474952	
21479274	
21481641	
21489333	
21499392	
21502016	
21508011	
21514347	
21517200	
21519895	
21521579	
21525282	
21529732	
21531674	
21537070	
21540382	
21545140	
21547545	
21549576	
21556260	
21557410	
21561609	
21565436	
21566738	
21571343	
21574992	
21576771	
21580771	
21588215	
21591183	
21593625	
21601883	
21606266	
21609922	
21612264	
21616728	
21622030	
21623202	
21630350	
21633157	
21649145	
21652751	
21654912	
21659701	
21664852	
21669150	
21675511	
21676951	
21679361	
21683307	
21686414	
21687622	
21690066	
21696224	
21697449	
21698562	
21702426	
21704591	
21712920	
21718379	
21724295	
21727032	
21732774	
21736406	
21738222	
21746222	
21760836	
21773182	
21775789	
21781825	
21787730	
21789906	
21794521	
21798440	
21802429	
21806971	
21811105	
21820321	
21826204	
21831217	
21836880	
21840355	
21843215	
21845370	
21852538	
21863395	
21865737	
21868574	
21877198	
21883501	
21894664	
21903209	
21907243	
21911182	
21913092	
21922670	
21928323	
21931851	
21936055	
21938068	
21939726	
21943346	
21946949	
21959310	
21965829	
21970655	
21975952	
21984712	
21987072	
21992338	
21995469	
21997987	
21999197	
22004569	
22008273	
22017908	
22034493	
22040791	
22042794	
22048675	
22055440	
22058391	
22064416	
22066345	
22072338	
22077161	
22084606	
22088073	
22099207	
22100651	
22104015	
22107667	
22110453	
22112333	
22114360	
22117164	
22124213	
22128881	
22130035	
22132348	
22134879	
22139338	
22140805	
22142593	
22143581	
22144900	
22147144	
22148722	
22153940	
22155584	
22158133	
22162424	
22164360	
22167916	
22172204	
22175944	
22192028	
22195441	
22197831	
22207056	
22214577	
22216306	
22218335	
22220662	
22226779	
22230679	
22235639	
22240395	
22242083	
22252668	
22255148	
22259243	
22261413	
22262842	
22268666	
22276250	
22278526	
22291848	
22293122	
22294724	
22303025	
22304794	
22308287	
22321294	
22322950	
22324652	
22328003	
22332755	
22334391	
22336975	
22340484	
22344975	
22352410	
22359736	
22362901	
22364009	
22367173	
22370091	
22373567	
22377573	
22394921	
22401269	
22417292	
22426040	
22429908	
22433351	
22436026	
22437191	
22439035	
22444064	
22446416	
22450040	
22456091	
22459867	
22464472	
22467184	
22478155	
22482556	
22487969	
22493471	
22495174	
22500147	
22502150	
22510431	
22512137	
22516674	
22517685	
22522284	
22526319	
22541797	
22551071	
22558851	
22568930	
22571168	
22574341	
22575903	
22582942	
22590784	
22594257	
22597281	
22601662	
22613241	
22617935	
22619611	
22622234	
22623684	
22626961	
22629454	
22631486	
22644295	
22647476	
22660100	
22662099	
22668018	
22675348	
22677329	
22684576	
22686789	
22691770	
22693706	
22696631	
22699856	
22709469	
22716168	
22718549	
22727969	
22732192	
22733474	
22734881	
22738635	
22741870	
22746821	
22748491	
22750670	
22751460	
22755353	
22758057	
22770167	
22773374	
22775424	
22779020	
22782148	
22789801	
22792577	
22794228	
22795765	
22797931	
22806578	
22810504	
22816176	
22821795	
22827680	
22828490	
22832005	
22834092	
22840088	
22842413	
22844132	
22847393	
22849179	
22860180	
22862068	
22867711	
22868965	
22870597	
22878361	
22879485	
22884930	
22895464	
22900357	
22905746	
22910551	
22915493	
22921765	
22924516	
22932543	
22938213	
22941145	
22945436	
22947007	
22951811	
22953506	
22958095	
22963333	
22966955	
22970969	
22973500	
22975990	
22978804	
22980897	
22982883	
22985050	
22988222	
22992993	
22994972	
22997537	
22999317	
23002617	
23006283	
23008377	
23009861	
23015366	
23019980	
23021925	
23024744	
23028148	
23032955	
23037842	
23039870	
23041244	
23047060	
23049829	
23052337	
23054579	
23060491	
23064297	
23067936	
23069912	
23076034	
23080400	
23081803	
23084687	
23088067	
23092520	
23094579	
23098753	
23102529	
23104059	
23108197	
23109906	
23115665	
23121866	
23124989	
23126755	
23128152	
23134474	
23139618	
23143720	
23148428	
23153531	
23156109	
23170869	
23179267	
23182435	
23189466	
23195788	
23198493	
23201629	
23202623	
23208238	
23210227	
23214693	
23219070	
23220737	
23223029	
23229386	
23233303	
23234311	
23236191	
23239113	
23245629	
23249413	
23251445	
23254538	
23258359	
23262177	
23264974	
23268351	
23273305	
23278914	
23281829	
23283155	
23286308	
23287147	
23289143	
23290744	
23308870	
23310496	
23313000	
23314544	
23319451	
23336060	
23339455	
23341267	
23349597	
23353597	
23365529	
23368176	
23374873	
23380038	
23386269	
23391066	
23393374	
23394300	
23397093	
23401488	
23402999	
23403959	
23407010	
23408950	
23410973	
23415037	
23416454	
23421369	
23423914	
23428508	
23430564	
23432563	
23437383	
23447321	
23450936	
23458915	
23462823	
23465776	
23470056	
23486149	
23491271	
23498476	
23503750	
23506007	
23511095	
23526197	
23534429	
23538961	
23557139	
23566821	
23568168	
23570691	
23571858	
23579862	
23583244	
23587614	
23591825	
23595032	
23597629	
23599385	
23604665	
23607461	
23613443	
23615224	
23634622	
23638368	
23643535	
23646382	
23657767	
23665022	
23666386	
23670918	
23673287	
23676210	
23687676	
23692802	
23696412	
23705501	
23707935	
23709986	
23712258	
23714713	
23719697	
23727219	
23729547	
23731191	
23732935	
23734765	
23740781	
23745701	
23749117	
23774282	
23780392	
23784360	
23788738	
23792125	
23798548	
23805326	
23807366	
23814186	
23818728	
23829367	
23835286	
23840536	
23850753	
23853663	
23858469	
23864801	
23877946	
23882471	
23895104	
23896583	
23900851	
23904672	
23910705	
23913871	
23916320	
23922778	
23926584	
23929029	
23930367	
23933609	
23939672	
23942127	
23945302	
23947389	
23951204	
23954973	
23962598	
23965436	
23969351	
23971286	
23973593	
23979407	
23982420	
23985791	
23989506	
23996506	
23998917	
24000440	
24002324	
24004133	
24013869	
24016616	
24026036	
24029807	
24040223	
24042647	
24048627	
24052824	
24054265	
24057720	
24062280	
24069586	
24075593	
24078011	
24085669	
24088940	
24095872	
24100673	
24102685	
24124401	
24138984	
24147684	
24151829	
24160269	
24164309	
24174415	
24176790	
24184748	
24187648	
24189411	
24202493	
24206527	
24208454	
24213031	
24222386	
24233184	
24235931	
24243790	
24246673	
24259267	
24285974	
24287188	
24290876	
24300568	
24311354	
24313933	
24334124	
24337203	
24341050	
24349264	
24355100	
24359099	
24363619	
24371335	
24376021	
24377944	
24382407	
24389901	
24400601	
24401632	
24403155	
24428180	
24437107	
24439660	
24441568	
24463306	
24471783	
24484497	
24487685	
24493330	
24495807	
24500523	
24503671	
24542332	
24553325	
24564240	
24565302	
24566573	
24570506	
24573223	
24575664	
24600803	
24629455	
24639828	
24642141	
24653122	
24659334	
24678673	
24683529	
24684610	
24686656	
24690544	
24701751	
24707072	
24714825	
24723796	
24733012	
24738307	
24740556	
24742071	
24751646	
24753395	
24762060	
24764670	
24773197	
24778376	
24779528	
24793848	
24804890	
24813347	
24814298	
24818322	
24823026	
24829676	
24832433	
24843840	
24847504	
24856456	
24858436	
24860250	
24866007	
24870882	
24895292	
24899955	
24901115	
24913339	
24920311	
24926095	
24928934	
24935571	
24940503	
24950695	
24961729	
24965114	
24971325	
24978490	
24980519	
24983027	
24989764	
24993017	
25001457	
25002917	
25004809	
25011683	
25016050	
25018895	
25022289	
25024498	
25030107	
25031292	
25033288	
25038911	
25043103	
25045032	
25054606	
25058262	
25072123	
25078276	
25082057	
25084076	
25085703	
25093692	
25095281	
25098637	
25100940	
25103735	
25109098	
25113925	
25116339	
25117905	
25123779	
25128994	
25130863	
25135058	
25141659	
25144854	
25152138	
25158287	
25161415	
25162978	
25164176	
25167356	
25169820	
25171597	
25172755	
25176098	
25189178	
25192404	
25196412	
25200579	
25206827	
25210226	
25213774	
25214900	
25219123	
25220533	
25234222	
25237056	
25239535	
25241875	
25250595	
25256156	
25262334	
25275637	
25279752	
25282710	
25286338	
25293015	
25293965	
25297265	
25302885	
25310284	
25313830	
25328808	
25330612	
25332959	
25335618	
25339650	
25346956	
25351236	
25355785	
25358593	
25362625	
25367326	
25376115	
25381573	
25385423	
25387218	
25393141	
25394998	
25395899	
25397491	
25402705	
25410758	
25413043	
25415184	
25427147	
25429737	
25433486	
25441822	
25443791	
25446669	
25449281	
25454192	
25455875	
25457538	
25465132	
25472546	
25477674	
25479836	
25483840	
25488767	
25494542	
25501548	
25504158	
25505626	
25507623	
25517219	
25522952	
25533830	
25539365	
25545844	
25547706	
25549152	
25578465	
25580353	
25581621	
25584000	
25590780	
25593648	
25600099	
25602592	
25604647	
25606322	
25607979	
25609482	
25611660	
25613479	
25615499	
25619540	
25620879	
25624794	
25627396	
25634443	
25637170	
25638087	
25639953	
25642634	
25645732	
25647705	
25651358	
25655815	
25658887	
25662471	
25668081	
25672682	
25676242	
25677660	
25680523	
25691187	
25695061	
25696676	
25700302	
25701626	
25705379	
25706217	
25707688	
25710884	
25712149	
25715649	
25718129	
25720509	
25731755	
25733275	
25738289	
25741577	
25748906	
25752422	
25755147	
25766454	
25770598	
25774397	
25779438	
25781330	
25785672	
25794542	
25796897	
25800254	
25807283	
25808961	
25811440	
25813095	
25814991	
25819755	
25821700	
25824491	
25827815	
25831846	
25837428	
25842069	
25844950	
25850882	
25856378	
25858101	
25862221	
25863642	
25865054	
25867852	
25871397	
25877330	
25880622	
25883093	
25887754	
25891666	
25895692	
25898557	
25901690	
25906771	
25907848	
25909551	
25917074	
25917774	
25919486	
25924728	
25926247	
25934140	
25938176	
25940319	
25941701	
25943724	
25945602	
25948355	
25949749	
25956032	
25959840	
25962720	
25964566	
25974990	
25977122	
25980745	
25983251	
25986054	
25987826	
25990385	
25995799	
25997981	
26002980	
26005888	
26009556	
26013547	
26020925	
26024925	
26029863	
26031475	
26033385	
26035048	
26038515	
26042914	
26049544	
26053817	
26061942	
26064042	
26065251	
26067311	
26068455	
26070768	
26073339	
26081782	
26083827	
26089222	
26093274	
26108051	
26116726	
26131572	
26136035	
26141659	
26147422	
26156285	
26165756	
26170529	
26174876	
26178289	
26181266	
26183766	
26185125	
26191462	
26197875	
26200370	
26202402	
26206998	
26213828	
26216003	
26221322	
26223779	
26226348	
26231374	
26235942	
26245146	
26251208	
26253077	
26256469	
26258752	
26261446	
26267250	
26271445	
26275097	
26278743	
26283018	
26285556	
26290260	
26297342	
26307362	
26312479	
26314179	
26314901	
26319274	
26320894	
26325971	
26329530	
26335012	
26340580	
26342601	
26346668	
26349938	
26353187	
26355287	
26357132	
26377643	
26381925	
26384504	
26388935	
26393982	
26406335	
26409007	
26422114	
26423753	
26426547	
26429972	
26431677	
26438207	
26439783	
26442606	
26446559	
26449976	
26455875	
26457486	
26460396	
26462300	
26463998	
26468789	
26485618	
26488278	
26492462	
26497241	
26499595	
26504411	
26508790	
26515374	
26539721	
26542003	
26548429	
26551585	
26554628	
26557198	
26562863	
26570222	
26573523	
26580458	
26584033	
26584969	
26587390	
26593731	
26594949	
26599312	
26604260	
26606049	
26607918	
26612474	
26613762	
26617364	
26619789	
26625134	
26626786	
26630548	
26633381	
26636968	
26642644	
26648595	
26652423	
26658232	
26664579	
26669890	
26677931	
26685769	
26688468	
26692340	
26697099	
26699153	
26700855	
26709432	
26710670	
26712152	
26714644	
26716070	
26717595	
26719299	
26729408	
26732488	
26737839	
26743429	
26747493	
26749858	
26751521	
26753007	
26754266	
26761483	
26766160	
26768588	
26770635	
26774635	
26779956	
26781635	
26787959	
26792494	
26793967	
26796501	
26802576	
26806009	
26807890	
26811100	
26812301	
26816466	
26823541	
26826490	
26828720	
26833315	
26834958	
26839488	
26842032	
26843426	
26846338	
26853667	
26863015	
26873071	
26876373	
26882785	
26884618	
26886269	
26890531	
26892070	
26896871	
26907432	
26915775	
26920314	
26925531	
26928986	
26936091	
26937888	
26940284	
26942556	
26950678	
26952628	
26958724	
26960893	
26964925	
26967615	
26970084	
26978711	
26980993	
26982857	
26988735	
27005142	
27017057	
27018865	
27025929	
27030091	
27033893	
27036708	
27040085	
27041503	
27044464	
27046708	
27047765	
27054692	
27061155	
27069110	
27076098	
27077743	
27081141	
27086645	
27088215	
27090687	
27096852	
27098805	
27101472	
27106750	
27107830	
27110910	
27114110	
27116733	
27122451	
27123959	
27130017	
27132962	
27134028	
27140482	
27141732	
27144093	
27145734	
27157172	
27161010	
27167761	
27173361	
27180681	
27182093	
27189894	
27191043	
27203300	
27205670	
27212970	
27217140	
27224501	
27227440	
27232304	
27236052	
27237846	
27242973	
27246622	
27248379	
27256768	
27258943	
27263202	
27281753	
27285910	
27287539	
27289628	
27293171	
27301150	
27304255	
27308631	
27314728	
27317996	
27325866	
27327921	
27334373	
27335648	
27337227	
27338784	
27340849	
27343408	
27348121	
27349577	
27352764	
27361089	
27372724	
27377446	
27385491	
27392574	
27393484	
27395264	
27397852	
27403867	
27407897	
27414484	
27416156	
27417705	
27421891	
27430684	
27434497	
27438772	
27440163	
27443028	
27445385	
27448169	
27449480	
27451762	
27460422	
27463254	
27465219	
27466215	
27475071	
27476439	
27482446	
27489124	
27496046	
27499360	
27502831	
27504397	
27506255	
27511049	
27515842	
27523370	
27527319	
27528639	
27532457	
27534117	
27536071	
27537441	
27539774	
27550901	
27552683	
27554718	
27560871	
27564168	
27570777	
27574796	
27581116	
27599486	
27604488	
27607090	
27612735	
27621931	
27625941	
27628326	
27631888	
27634744	
27643952	
27651721	
27653314	
27657060	
27660031	
27668358	
27673053	
27678470	
27683953	
27685774	
27686714	
27693114	
27696939	
27705617	
27711110	
27712765	
27714058	
27720839	
27735072	
27737291	
27743683	
27746227	
27781286	
27789052	
27801983	
27809828	
27812926	
27819153	
27824359	
27831612	
27837307	
27839252	
27840201	
27848261	
27863313	
27866866	
27869973	
27874600	
27903362	
27928532	
27932012	
27934528	
27958992	
27963357	
27975405	
27978999	
27988335	
27997060	
28006266	
28013784	
28026405	
28027486	
28043142	
28065220	
28090605	
28091574	
28107925	
28117987	
28119459	
28122751	
28126668	
28129926	
28157503	
28166195	
28205948	
28217798	
28221985	
28230446	
28244524	
28251828	
28264057	
28282028	
28294415	
28301987	
28310546	
28317339	
28344338	
28354483	
28358685	
28370707	
28377094	
28385790	
28390776	
28400542	
28414314	
28423827	
28429519	
28448413	
28459579	
28463945	
28477374	
28482601	
28484527	
28505856	
28528087	
28529614	
28540407	
28570157	
28574691	
28583459	
28597720	
28604773	
28610045	
28621387	
28647017	
28650896	
28652090	
28654479	
28665708	
28671780	
28678413	
28687404	
28699346	
28710514	
28715055	
28737621	
28739282	
28762190	
28766694	
28771970	
28782856	
28786182	
28793057	
28801924	
28824155	
28829667	
28831824	
28836546	
28837747	
28842579	
28844370	
28859277	
28874340	
28894642	
28897530	
28906629	
28909354	
28916292	
28924847	
28953122	
28958359	
28962730	
28976767	
28985058	
29001987	
29008811	
29012891	
29015064	
29030016	
29036161	
29038489	
29041346	
29044625	
29049723	
29056564	
29101359	
29102690	
29106910	
29112631	
29116111	
29125368	
29143463	
29147632	
29167842	
29178920	
29182963	
29187923	
29198213	
29212720	
29214954	
29222170	
29235890	
29241417	
29242890	
29253853	
29273879	
29280140	
29287487	
29290549	
29300525	
29314521	
29325582	
29332405	
29345841	
29353267	
29362341	
29366743	
29380052	
29386808	
29397324	
29403571	
29407294	
29461641	
29466290	
29472298	
29482032	
29508199	
29510973	
29515233	
29524010	
29533728	
29546105	
29559102	
29565651	
29575564	
29601099	
29610976	
29621504	
29626423	
29631848	
29637706	
29647747	
29652421	
29657256	
29669718	
29707426	
29712121	
29714348	
29718031	
29723419	
29727389	
29732946	
29736489	
29742798	
29749317	
29757031	
29765092	
29770634	
29787042	
29808712	
29816402	
29822727	
29832925	
29838310	
29866072	
29868072	
29874071	
29879134	
29885770	
29909639	
29911427	
29919956	
29923625	
29928268	
29937695	
29943354	
29948050	
29956478	
29963496	
29968447	
29984553	
29988187	
29999556	
30014083	
30020007	
30028182	
30038811	
30049535	
30053781	
30065472	
30083674	
30099478	
30105175	
30111946	
30114994	
30120061	
30125365	
30143160	
30152079	
30156075	
30172846	
30176068	
30191274	
30222276	
30226529	
30241678	
30246488	
30273661	
30281267	
30291571	
30296424	
30307973	
30343710	
30355042	
30356480	
30357986	
30359738	
30365035	
30373877	
30394214	
30401223	
30407811	
30419806	
30433706	
30443616	
30465679	
30473403	
30474730	
30485089	
30489545	
30494121	
30497093	
30503223	
30512573	
30515836	
30523465	
30525872	
30540255	
30556517	
30560333	
30569745	
30572819	
30583028	
30601588	
30604303	
30612374	
30619130	
30622037	
30625162	
30626904	
30638672	
30644943	
30646632	
30656953	
30659947	
30677917	
30685828	
30694182	
30696314	
30714947	
30728864	
30733894	
30740590	
30746244	
30753987	
30758550	
30760368	
30778740	
30782480	
30785481	
30795194	
30807197	
30811836	
30815568	
30819092	
30831424	
30843496	
30852584	
30859637	
30871710	
30904480	
30908002	
30912085	
30920007	
30953339	
30961479	
30964345	
30966906	
30979232	
30999240	
31005829	
31011387	
31029922	
31042102	
31049424	
31055992	
31062446	
31065047	
31066488	
31068586	
31079450	
31092303	
31093121	
31101040	
31119013	
31136080	
31144069	
31155817	
31167044	
31175801	
31184463	
31191316	
31218235	
31225739	
31234650	
31237549	
31247379	
31251271	
31259769	
31271880	
31278410	
31286708	
31302368	
31310581	
31328329	
31345393	
31349801	
31359307	
31371465	
31380905	
31389210	
31407520	
31413923	
31422331	
31427196	
31434128	
31441732	
31448475	
31458141	
31471593	
31474379	
31483604	
31488323	
31502748	
31504545	
31508237	
31515509	
31529254	
31537303	
31548507	
31559564	
31582225	
31591440	
31600541	
31614636	
31634734	
31644727	
31649647	
31663563	
31667675	
31670733	
31679477	
31687277	
31694468	
31700130	
31711024	
31720653	
31725353	
31730668	
31738330	
31745228	
31756070	
31762446	
31768054	
31774997	
31782208	
31785069	
31803037	
31804249	
31813702	
31821540	
31826748	
31840005	
31849514	
31852427	
31855514	
31858790	
31871205	
31872751	
31876200	
31888705	
31900346	
31907238	
31912638	
31922956	
31925192	
31953014	
31958768	
31986262	
31998177	
32026941	
32038652	
32054047	
32060831	
32067670	
32079352	
32086671	
32093615	
32106396	
32120274	
32139953	
32145594	
32150814	
32155711	
32164669	
32173399	
32176818	
32195734	
32226717	
32235275	
32245368	
32251108	
32264911	
32276822	
32281819	
32296815	
32315342	
32319964	
32322980	
32337144	
32353219	
32355758	
32363270	
32375239	
32382584	
32385881	
32389066	
32402598	
32412186	
32418580	
32421201	
32427333	
32436801	
32450717	
32461480	
32465597	
32469466	
32476631	
32482750	
32492076	
32505849	
32521443	
32531396	
32535011	
32541442	
32546812	
32555396	
32560744	
32567461	
32586967	
32617667	
32622647	
32626868	
32638539	
32652035	
32670569	
32693260	
32700886	
32702659	
32718521	
32722001	
32732993	
32740823	
32759859	
32766375	
32772704	
32774194	
32782532	
32783653	
32809424	
32830436	
32841832	
32851858	
32857105	
32861627	
32867475	
32875244	
32881798	
32887006	
32899002	
32911955	
32927496	
32934119	
32939953	
32946124	
32951333	
32957328	
32965851	
32975624	
32978821	
32982025	
32992565	
32999582	
33002897	
33006352	
33011423	
33027189	
33037436	
33040536	
33044153	
33048413	
33051232	
33056550	
33061151	
33076468	
33082817	
33096787	
33100662	
33104283	
33113632	
33127430	
33129557	
33142726	
33146360	
33151976	
33171095	
33177017	
33185944	
33190623	
33200739	
33208761	
33213784	
33239291	
33247566	
33269890	
33274666	
33278326	
33289973	
33297680	
33301645	
33306984	
33317912	
33321864	
33345267	
33362811	
33370224	
33372788	
33391403	
33405810	
33421724	
33430381	
33432043	
33436690	
33440401	
33469477	
33480251	
33494299	
33498740	
33516171	
33519338	
33524087	
33535280	
33542348	
33547853	
33566029	
33570553	
33577682	
33580003	
33587276	
33600885	
33628732	
33647655	
33657878	
33665576	
33675527	
33680074	
33686855	
33694740	
33698737	
33709879	
33721864	
33730892	
33742798	
33746658	
33752891	
33760350	
33778972	
33782554	
33791573	
33792434	
33795761	
33804417	
33813654	
33850679	
33854234	
33870553	
33891538	
33908504	
33912042	
33922583	
33937420	
33957366	
33969823	
33978006	
33993428	
34005360	
34006772	
34029366	
34032463	
34040866	
34057853	
34064920	
34068948	
34078523	
34082484	
34085170	
34095412	
34102914	
34110207	
34118945	
34123517	
34139484	
34147758	
34157250	
34160795	
34198838	
34213429	
34231120	
34236356	
34251498	
34256225	
34263120	
34273656	
34335964	
34338163	
34344925	
34346527	
34351873	
34358818	
34363034	
34368292	
34378491	
34387183	
34393796	
34400236	
34408644	
34421179	
34422706	
34428273	
34432285	
34436063	
34439514	
34444558	
34449835	
34458692	
34467293	
34471178	
34478420	
34482734	
34484655	
34489122	
34490804	
34504175	
34506307	
34507197	
34509199	
34517204	
34521949	
34524274	
34528199	
34542331	
34544610	
34547160	
34553860	
34558606	
34566200	
34568837	
34573771	
34580710	
34590937	
34604673	
34608257	
34616343	
34619001	
34622214	
34627526	
34629083	
34631197	
34640720	
34643188	
34646480	
34651404	
34654671	
34660904	
34664518	
34669316	
34681513	
34690320	
34704843	
34708875	
34715653	
34718576	
34723543	
34730378	
34741356	
34746675	
34762070	
34766513	
34769850	
34775751	
34787075	
34792872	
34799424	
34804466	
34807416	
34811869	
34818208	
34823512	
34827091	
34834829	
34843728	
34847113	
34848954	
34851220	
34861789	
34870992	
34886631	
34888954	
34893185	
34897832	
34901456	
34908091	
34910242	
34916129	
34922697	
34931214	
34937980	
34940494	
34946503	
34948417	
34953630	
34954889	
34963496	
34966108	
34970552	
34975886	
34983000	
34986112	
34990788	
34994627	
34998991	
35010273	
35016746	
35019001	
35033611	
35035139	
35037703	
35039266	
35041693	
35046282	
35049329	
35053984	
35059812	
35065557	
35070187	
35082143	
35093230	
35096913	
35103695	
35111331	
35117370	
35125568	
35127810	
35133297	
35138948	
35146078	
35149587	
35153570	
35156467	
35167043	
35171131	
35181333	
35185490	
35189128	
35196021	
35198212	
35205434	
35215631	
35224463	
35232510	
35250164	
35254468	
35259154	
35264034	
35277092	
35279624	
35286443	
35287899	
35290033	
35299616	
35302122	
35312095	
35320186	
35323106	
35329045	
35343436	
35348860	
35355835	
35357690	
35361826	
35364223	
35367239	
35370441	
35376345	
35383154	
35387511	
35390637	
35393935	
35402720	
35404989	
35407504	
35437238	
35441819	
35447480	
35450749	
35455567	
35467348	
35475014	
35482085	
35486122	
35488389	
35490626	
35494491	
35502685	
35510513	
35523334	
35536005	
35541706	
35554588	
35560135	
35564279	
35565840	
35569946	
35576274	
35577851	
35582628	
35585617	
35588584	
35595794	
35598503	
35601292	
35605302	
35610322	
35620833	
35631239	
35637407	
35645914	
35649927	
35657142	
35663131	
35669963	
35674750	
35684838	
35689418	
35697947	
35701357	
35704161	
35707464	
35710188	
35713420	
35719393	
35721306	
35724920	
35732751	
35741695	
35746257	
35753100	
35757186	
35758629	
35765906	
35770642	
35788259	
35801349	
35818606	
35823843	
35827435	
35830937	
35838340	
35840654	
35850623	
35860255	
35864332	
35871230	
35881036	
35885932	
35890333	
35894601	
35900735	
35904828	
35911693	
35916684	
35920126	
35924340	
35929799	
35932698	
35935200	
35942263	
35956077	
35958124	
35963019	
35972053	
35986229	
35996701	
35997881	
36006763	
36011017	
36016302	
36022187	
36023944	
36026788	
36029788	
36031573	
36039917	
36043598	
36047120	
36051966	
36054175	
36066150	
36068848	
36072691	
36076062	
36096581	
36098592	
36104412	
36106416	
36108964	
36113803	
36115252	
36120619	
36126392	
36133444	
36144087	
36159309	
36160272	
36165966	
36168405	
36185729	
36193848	
36197156	
36203906	
36206327	
36209768	
36211817	
36222843	
36228308	
36232990	
36239762	
36242745	
36253342	
36256616	
36259963	
36261432	
36272166	
36280439	
36284672	
36287686	
36291540	
36294866	
36303873	
36316802	
36320919	
36325581	
36327993	
36330804	
36336035	
36337915	
36342173	
36343597	
36348302	
36351023	
36360768	
36371349	
36377236	
36381741	
36385634	
36388449	
36397096	
36400595	
36409065	
36411103	
36418554	
36422720	
36427081	
36430992	
36434419	
36439128	
36442383	
36445644	
36450577	
36457657	
36458684	
36460687	
36464499	
36471364	
36474155	
36489410	
36497048	
36500482	
36502622	
36507414	
36514635	
36517531	
36519197	
36529928	
36533937	
36535306	
36538739	
36541060	
36554257	
36560076	
36567240	
36575003	
36586893	
36599198	
36609295	
36621093	
36623871	
36626002	
36628123	
36631218	
36632925	
36639390	
36640394	
36642121	
36649247	
36661478	
36668767	
36676129	
36687439	
36691759	
36694328	
36696333	
36705757	
36708815	
36721683	
36723734	
36729957	
36742004	
36749677	
36756085	
36760534	
36763820	
36782184	
36789014	
36797832	
36805226	
36814903	
36816335	
36830079	
36835030	
36839744	
36848260	
36850286	
36853774	
36858955	
36862373	
36864589	
36866753	
36874257	
36878044	
36884980	
36886393	
36888597	
36892248	
36899380	
36900301	
36902787	
36909727	
36913812	
36917106	
36918918	
36926672	
36928571	
36934062	
36940216	
36944503	
36946489	
36953198	
36954348	
36956816	
36962576	
36964919	
36972455	
36978632	
36983607	
36986823	
36992707	
37004196	
37007708	
37013902	
37018516	
37024484	
37026767	
37033043	
37038541	
37042542	
37045465	
37047445	
37049570	
37056307	
37062034	
37071043	
37073110	
37078845	
37082214	
37085723	
37088219	
37100578	
37110116	
37114219	
37119304	
37127279	
37129749	
37138138	
37143970	
37149874	
37156622	
37163091	
37165338	
37167175	
37169506	
37177274	
37180889	
37186266	
37194358	
37195922	
37200298	
37207275	
37212034	
37215500	
37223658	
37230080	
37233336	
37234939	
37239240	
37260272	
37264473	
37276791	
37280859	
37283711	
37298246	
37300744	
37309827	
37314648	
37323108	
37330008	
37335620	
37338885	
37344032	
37346082	
37347747	
37356733	
37361277	
37365035	
37366336	
37372647	
37374131	
37377414	
37380858	
37383691	
37387143	
37393832	
37394918	
37399329	
37404137	
37406547	
37409210	
37419051	
37428486	
37434190	
37438367	
37440854	
37448477	
37461177	
37464953	
37471307	
37480911	
37489067	
37498554	
37503465	
37508258	
37510508	
37512835	
37524759	
37529079	
37534143	
37545000	
37548931	
37554207	
37556118	
37559814	
37560891	
37564979	
37567043	
37575848	
37581100	
37586792	
37591364	
37596241	
37601780	
37608945	
37613528	
37619060	
37622943	
37624537	
37633688	
37635367	
37639038	
37644939	
37654756	
37663645	
37675719	
37680800	
37684997	
37688741	
37691902	
37697299	
37708046	
37711903	
37715961	
37720244	
37723851	
37729544	
37734451	
37740860	
37748263	
37755667	
37757710	
37762083	
37764350	
37772270	
37784375	
37789938	
37795228	
37801442	
37810273	
37813358	
37819893	
37824768	
37833663	
37839550	
37845358	
37855947	
37860220	
37875353	
37879520	
37894412	
37903012	
37908320	
37915031	
37917982	
37927892	
37944322	
37947190	
37956475	
37968936	
37972861	
37978031	
37983210	
37986347	
37987866	
37991917	
37994802	
37996612	
38002219	
38009031	
38018415	
38026943	
38029570	
38032497	
38038844	
38042558	
38049934	
38052084	
38068126	
38077643	
38081006	
38083885	
38086180	
38087906	
38090925	
38095845	
38099709	
38105271	
38107821	
38112864	
38116632	
38126180	
38132132	
38135130	
38142910	
38149657	
38154830	
38158683	
38160234	
38166055	
38177625	
38179193	
38186234	
38199046	
38204887	
38208001	
38214682	
38217689	
38221599	
38223993	
38226727	
38230704	
38233535	
38239361	
38244108	
38250572	
38254940	
38257591	
38259983	
38261652	
38269195	
38271117	
38273849	
38275576	
38277538	
38283714	
38289427	
38292155	
38296062	
38305664	
38309663	
38324188	
38327564	
38333733	
38336218	
38344489	
38347309	
38353505	
38354293	
38363980	
38366672	
38371091	
38374129	
38378173	
38383556	
38387396	
38390579	
38393830	
38396898	
38402373	
38410847	
38412933	
38416669	
38421898	
38429510	
38438994	
38442650	
38448575	
38452808	
38458144	
38459100	
38472484	
38478505	
38483252	
38487829	
38490288	
38492836	
38495569	
38502098	
38508253	
38509801	
38516142	
38518929	
38522619	
38527172	
38533253	
38542554	
38548115	
38560306	
38561968	
38566508	
38570665	
38572822	
38580871	
38584182	
38586447	
38589844	
38591970	
38597520	
38600318	
38603295	
38612121	
38618975	
38627746	
38644647	
38647304	
38649636	
38650769	
38654838	
38658955	
38660539	
38668573	
38674041	
38676102	
38679490	
38685449	
38696938	
38700138	
38708066	
38713014	
38716692	
38721247	
38722742	
38725354	
38735517	
38739350	
38742642	
38746475	
38747706	
38762650	
38764181	
38768303	
38771580	
38781209	
38785608	
38790336	
38797305	
38807314	
38814279	
38823945	
38826964	
38837307	
38840650	
38843717	
38846889	
38854650	
38858331	
38865358	
38867869	
38873128	
38875847	
38879901	
38883386	
38892461	
38897487	
38902401	
38906972	
38915463	
38919599	
38927907	
38935215	
38939126	
38941407	
38946673	
38952724	
38955617	
38957262	
38976291	
38990584	
38997436	
39002327	
39005417	
39013327	
39024172	
39029466	
39032500	
39040182	
39045590	
39048880	
39050750	
39054553	
39058097	
39061300	
39065076	
39070802	
39076814	
39090727	
39093489	
39099081	
39104937	
39113443	
39127719	
39137110	
39145413	
39151274	
39157286	
39164243	
39168943	
39174494	
39175768	
39180063	
39182876	
39187336	
39191764	
39193963	
39202748	
39211670	
39215360	
39218532	
39220413	
39224586	
39228722	
39232747	
39235268	
39242226	
39245563	
39249434	
39255795	
39265069	
39268157	
39271688	
39273950	
39281258	
39287550	
39292423	
39296419	
39299310	
39302483	
39309118	
39312963	
39316997	
39320022	
39323332	
39325865	
39335724	
39346468	
39353533	
39356185	
39359370	
39360307	
39364016	
39368387	
39371538	
39376544	
39380812	
39385738	
39386713	
39391850	
39395596	
39407487	
39415336	
39423659	
39427124	
39429464	
39432063	
39434770	
39438990	
39440068	
39443460	
39447006	
39449491	
39453455	
39455050	
39458100	
39459292	
39467653	
39478226	
39479636	
39484091	
39485422	
39491151	
39494701	
39498920	
39502951	
39507447	
39510758	
39511991	
39527549	
39535389	
39537310	
39543063	
39545665	
39547375	
39554036	
39562012	
39566242	
39571798	
39576976	
39579589	
39585058	
39587810	
39599110	
39600730	
39603412	
39609728	
39613031	
39627040	
39629588	
39631872	
39636412	
39639689	
39645291	
39657605	
39658565	
39668024	
39670734	
39678127	
39682503	
39689171	
39694126	
39707427	
39712476	
39714370	
39717222	
39723854	
39728336	
39734213	
39741430	
39746066	
39753211	
39755168	
39757956	
39760434	
39763964	
39770717	
39777688	
39782906	
39790446	
39792064	
39795590	
39798762	
39802293	
39807801	
39810728	
39820938	
39822187	
39824615	
39833133	
39839039	
39842028	
39846898	
39850866	
39852939	
39855700	
39856938	
39862536	
39868065	
39874631	
39879581	
39884716	
39886109	
39890977	
39895494	
39904670	
39910325	
39912275	
39921259	
39924823	
39934873	
39936761	
39943128	
39948019	
39950485	
39954848	
39961002	
39963937	
39965839	
39967852	
39982488	
39990345	
39991761	
39994255	
40003184	
40008731	
40013382	
40018134	
40026154	
40028541	
40036029	
40039942	
40043968	
40048819	
40053248	
40054995	
40057336	
40061610	
40066415	
40069526	
40075113	
40082157	
40088086	
40096093	
40103374	
40108746	
40110782	
40118582	
40121094	
40124366	
40134007	
40143087	
40146323	
40150114	
40152580	
40162480	
40165546	
40172691	
40175062	
40178380	
40186159	
40192115	
40194667	
40200394	
40204714	
40209117	
40216476	
40218553	
40223394	
40231748	
40233445	
40236758	
40245243	
40250944	
40257824	
40273407	
40277924	
40279542	
40284152	
40288537	
40291813	
40298573	
40300827	
40304571	
40306234	
40308692	
40321549	
40325159	
40327602	
40337134	
40348233	
40351019	
40352957	
40363689	
40375138	
40387275	
40391247	
40395851	
40399130	
40405104	
40407624	
40410787	
40416275	
40420191	
40421277	
40424617	
40425581	
40435390	
40440883	
40449809	
40452584	
40458255	
40459180	
40462301	
40464632	
40466955	
40469052	
40485855	
40492032	
40498443	
40504090	
40507021	
40509692	
40513331	
40517036	
40525547	
40529970	
40534021	
40535307	
40536584	
40538713	
40541700	
40545303	
40550299	
40558534	
40561164	
40562611	
40569808	
40571069	
40578577	
40582513	
40591098	
40594670	
40603540	
40606100	
40613736	
40616992	
40619997	
40622873	
40626103	
40628406	
40635174	
40640626	
40644896	
40648474	
40651242	
40657148	
40660015	
40662858	
40671380	
40674384	
40679095	
40680990	
40686394	
40698878	
40702857	
40706693	
40710438	
40719218	
40721684	
40724113	
40726514	
40728443	
40732923	
40735578	
40739378	
40756525	
40758253	
40766689	
40769359	
40772951	
40780388	
40787601	
40791800	
40795530	
40798990	
40801472	
40806982	
40810022	
40817314	
40822440	
40825926	
40834436	
40837768	
40839373	
40847855	
40849720	
40855497	
40859599	
40864699	
40867688	
40872003	
40875402	
40879156	
40883066	
40886693	
40890574	
40893337	
40895030	
40903767	
40909111	
40912161	
40919641	
40921353	
40926449	
40928028	
40934127	
40936473	
40942016	
40943131	
40949153	
40957419	
40959071	
40970191	
40976131	
40983077	
40989550	
40998848	
41002543	
41010924	
41021644	
41022419	
41029070	
41031781	
41034002	
41036951	
41041488	
41046246	
41048520	
41051918	
41055589	
41064859	
41067269	
41076449	
41081878	
41087542	
41094478	
41096570	
41100213	
41111362	
41117068	
41119498	
41123336	
41127293	
41132337	
41138356	
41143313	
41145195	
41148476	
41152954	
41158569	
41160586	
41164135	
41165006	
41172636	
41176165	
41179968	
41181786	
41190080	
41196266	
41198800	
41204974	
41207982	
41211504	
41213101	
41217091	
41222192	
41223389	
41225656	
41228147	
41229729	
41233172	
41246665	
41250605	
41261841	
41263848	
41269633	
41275066	
41279203	
41283710	
41293800	
41302987	
41307283	
41317802	
41319614	
41324678	
41332692	
41343416	
41345626	
41346825	
41353267	
41357296	
41358259	
41360596	
41364373	
41368444	
41379204	
41383403	
41385586	
41390138	
41398686	
41403306	
41410308	
41413797	
41422266	
41423702	
41429506	
41437745	
41440414	
41441466	
41443313	
41463009	
41466063	
41471111	
41474568	
41476565	
41479497	
41483710	
41487417	
41491583	
41498970	
41505215	
41511862	
41516925	
41522405	
41530555	
41534789	
41538980	
41544790	
41549776	
41554102	
41557580	
41559354	
41562820	
41574612	
41577645	
41585123	
41590994	
41597081	
41600187	
41602155	
41605474	
41607249	
41617790	
41633274	
41640085	
41648416	
41653977	
41660406	
41662676	
41670759	
41675951	
41680518	
41691621	
41695442	
41700885	
41705235	
41709018	
41713108	
41719887	
41723212	
41732232	
41738375	
41748304	
41756878	
41758079	
41764581	
41778221	
41787640	
41790591	
41794793	
41799025	
41804790	
41808311	
41813315	
41818943	
41819987	
41824178	
41840603	
41841956	
41843779	
41846730	
41856452	
41858156	
41866981	
41873756	
41882680	
41884799	
41887087	
41891679	
41895145	
41904894	
41907404	
41914681	
41922512	
41939654	
41943359	
41948849	
41952095	
41955194	
41959749	
41961742	
41966800	
41969018	
41972366	
41975680	
41979402	
41981544	
41986623	
41991696	
41997750	
42017683	
42031059	
42043669	
42046319	
42049902	
42053883	
42054920	
42057342	
42059734	
42063347	
42068805	
42075029	
42080789	
42082941	
42084944	
42090023	
42093011	
42095407	
42099398	
42102732	
42104711	
42112344	
42116292	
42127077	
42130489	
42139698	
42141569	
42146878	
42151452	
42155193	
42159269	
42168643	
42170296	
42174820	
42178905	
42192343	
42206546	
42208357	
42215700	
42222981	
42228506	
42230941	
42237606	
42238599	
42244037	
42246960	
42249502	
42253004	
42259929	
42263314	
42268018	
42272248	
42275157	
42284245	
42286473	
42292498	
42294930	
42298605	
42304717	
42308691	
42317917	
42320131	
42326458	
42331297	
42337850	
42343823	
42346329	
42351538	
42372027	
42375122	
42376931	
42385006	
42388649	
42389651	
42397206	
42408758	
42410961	
42414448	
42421669	
42436159	
42443045	
42453720	
42457456	
42460485	
42463897	
42468063	
42469863	
42471117	
42474214	
42492761	
42498137	
42499169	
42504131	
42507739	
42509669	
42511587	
42513785	
42516737	
42523067	
42524704	
42533159	
42538588	
42546008	
42552908	
42555529	
42559103	
42561790	
42566710	
42568144	
42573225	
42579605	
42583907	
42586736	
42587928	
42593455	
42611240	
42615213	
42619275	
42625680	
42626809	
42631897	
42639779	
42646274	
42648581	
42657098	
42658417	
42664876	
42670069	
42675481	
42681848	
42684545	
42686347	
42694390	
42697045	
42698789	
42701706	
42708861	
42716484	
42720645	
42722382	
42727476	
42730828	
42742677	
42744432	
42748644	
42752206	
42755966	
42760340	
42766209	
42769616	
42781438	
42787826	
42791467	
42793197	
42796811	
42800519	
42804029	
42806744	
42808815	
42815217	
42819247	
42829080	
42832249	
42836157	
42842892	
42846829	
42850552	
42855950	
42866093	
42868457	
42877475	
42879970	
42881621	
42883693	
42887090	
42900727	
42914441	
42916742	
42928329	
42932524	
42935231	
42942899	
42948438	
42951176	
42952429	
42955907	
42956827	
42961413	
42966368	
42970871	
42974541	
42979813	
42985806	
42990003	
42991883	
42996130	
43003687	
43007300	
43011398	
43017941	
43022801	
43029586	
43037646	
43048569	
43050527	
43052412	
43061535	
43068345	
43075910	
43080318	
43087017	
43094209	
43100324	
43104639	
43113063	
43114905	
43117359	
43121477	
43128957	
43132470	
43134548	
43139127	
43140836	
43145010	
43146543	
43148225	
43154807	
43159155	
43160864	
43164933	
43166588	
43170145	
43173609	
43176357	
43185324	
43191237	
43196173	
43198305	
43201867	
43205754	
43210606	
43213530	
43215482	
43219305	
43222178	
43224217	
43225247	
43226828	
43243318	
43251615	
43254567	
43258835	
43263162	
43268977	
43270609	
43273208	
43282524	
43285689	
43302397	
43310061	
43314845	
43322056	
43328342	
43334496	
43338790	
43344862	
43347681	
43355659	
43365548	
43372421	
43377991	
43380789	
43386490	
43389100	
43396624	
43399876	
43404122	
43408382	
43412047	
43416841	
43424298	
43427948	
43434390	
43439332	
43443636	
43445462	
43447480	
43452466	
43455686	
43460359	
43464521	
43465793	
43468070	
43471251	
43474385	
43476859	
43478790	
43484108	
43490021	
43494039	
43501120	
43508221	
43514820	
43520045	
43530438	
43536115	
43540715	
43544683	
43546548	
43551267	
43553233	
43555695	
43557755	
43564199	
43571958	
43574294	
43579731	
43583046	
43586556	
43592010	
43602265	
43609362	
43611996	
43621248	
43626783	
43627863	
43632287	
43636101	
43640528	
43647198	
43651063	
43653743	
43661561	
43665065	
43667066	
43674834	
43681711	
43686329	
43687765	
43689527	
43697894	
43700640	
43703319	
43706526	
43713921	
43723746	
43725045	
43730656	
43738307	
43739980	
43746107	
43753129	
43759863	
43762217	
43766151	
43768135	
43772028	
43777154	
43785998	
43789835	
43792848	
43800516	
43807426	
43813063	
43817398	
43819240	
43824936	
43833750	
43843847	
43847285	
43856045	
43859072	
43865310	
43874211	
43875634	
43878964	
43885205	
43890202	
43895104	
43905646	
43915513	
43921262	
43923426	
43930128	
43935353	
43939185	
43943671	
43949087	
43953784	
43958815	
43971152	
43977302	
43978776	
43992683	
43994156	
43997021	
44000348	
44004230	
44009289	
44016291	
44018411	
44024696	
44028436	
44033637	
44036761	
44041064	
44042185	
44049569	
44062459	
44074399	
44085119	
44093744	
44100899	
44104746	
44111800	
44113146	
44116163	
44126825	
44131642	
44134193	
44143187	
44146048	
44155045	
44160370	
44163568	
44164754	
44170684	
44175467	
44179677	
44184819	
44191012	
44201053	
44202329	
44213750	
44225541	
44230173	
44232522	
44237772	
44242779	
44244248	
44255314	
44258476	
44275872	
44278283	
44282805	
44286827	
44291968	
44295167	
44312045	
44313770	
44316191	
44318348	
44322505	
44326047	
44329871	
44332435	
44341304	
44345695	
44348589	
44349813	
44355646	
44360438	
44365322	
44373455	
44375056	
44377616	
44382459	
44386519	
44390124	
44392383	
44393896	
44396602	
44402970	
44405458	
44425600	
44428755	
44440770	
44445840	
44450415	
44455348	
44467361	
44474501	
44482204	
44484103	
44488734	
44500610	
44504904	
44506058	
44512430	
44514018	
44516601	
44526173	
44527387	
44531864	
44539932	
44549866	
44556688	
44561122	
44564603	
44567919	
44570058	
44572009	
44574790	
44576963	
44579959	
44587561	
44594366	
44597003	
44600475	
44603702	
44606655	
44610271	
44614194	
44618795	
44623891	
44626422	
44628807	
44637969	
44646499	
44651897	
44654243	
44655988	
44658888	
44663413	
44669596	
44675252	
44679202	
44684148	
44691785	
44695142	
44698349	
44707092	
44710303	
44713144	
44717540	
44721038	
44723787	
44725597	
44729022	
44731523	
44737199	
44741041	
44744270	
44748041	
44754380	
44756224	
44758922	
44761632	
44763379	
44770725	
44774852	
44778325	
44781198	
44782446	
44789643	
44792517	
44801175	
44803987	
44805606	
44812365	
44815661	
44818889	
44823340	
44826440	
44827422	
44833629	
44837777	
44844390	
44850354	
44856651	
44859246	
44865808	
44868620	
44875050	
44876082	
44879286	
44886198	
44887574	
44890030	
44894172	
44901114	
44905730	
44908998	
44918457	
44924873	
44928292	
44935509	
44946418	
44953460	
44954616	
44964366	
44971658	
44978884	
44981827	
44983598	
44987138	
44988881	
44997003	
45001172	
45006157	
45012658	
45018958	
45028975	
45031734	
45036329	
45038182	
45041332	
45046377	
45048921	
45051220	
45053726	
45056083	
45058301	
45061537	
45066648	
45074840	
45080919	
45090185	
45095483	
45106217	
45109868	
45117820	
45123631	
45127919	
45129566	
45138119	
45158557	
45163793	
45170414	
45175556	
45180842	
45185720	
45187670	
45191630	
45195417	
45197736	
45202729	
45206079	
45215272	
45218572	
45221993	
45225041	
45229323	
45232501	
45242660	
45244448	
45251983	
45260696	
45264455	
45273199	
45276298	
45277355	
45280461	
45292152	
45294936	
45296858	
45303439	
45305549	
45308402	
45313682	
45320005	
45321994	
45323271	
45327200	
45330510	
45338000	
45341683	
45346289	
45349420	
45353871	
45358956	
45361321	
45368542	
45372988	
45380902	
45385750	
45387208	
45393310	
45397083	
45398229	
45408122	
45410818	
45418751	
45427597	
45430258	
45437249	
45441411	
45445257	
45457557	
45461687	
45464886	
45470817	
45476538	
45482444	
45498528	
45501003	
45503988	
45507946	
45516808	
45519537	
45522445	
45530112	
45533064	
45544733	
45547128	
45550035	
45552755	
45555630	
45560153	
45562587	
45570957	
45573885	
45576081	
45580331	
45587152	
45590913	
45593173	
45595532	
45600788	
45605514	
45608904	
45611662	
45612761	
45617679	
45624609	
45634766	
45636920	
45642299	
45643667	
45646508	
45648530	
45661184	
45664020	
45665891	
45669360	
45671952	
45673338	
45677136	
45679647	
45682807	
45685849	
45689640	
45691036	
45692150	
45695866	
45701469	
45704218	
45712650	
45721533	
45726790	
45732034	
45737362	
45742716	
45754516	
45757894	
45760630	
45763846	
45767202	
45772932	
45776559	
45778744	
45783823	
45786059	
45788814	
45791179	
45793258	
45798136	
45807990	
45811057	
45814837	
45818405	
45820670	
45828021	
45831894	
45850302	
45851728	
45856008	
45860583	
45862804	
45865321	
45868740	
45871088	
45881041	
45882313	
45885074	
45888367	
45891331	
45898292	
45901608	
45903646	
45905390	
45908754	
45914925	
45921421	
45924340	
45931785	
45932817	
45939144	
45946300	
45954735	
45957195	
45960811	
45964121	
45969177	
45972124	
45977651	
45982184	
45988268	
45995723	
45998946	
46001487	
46009881	
46011635	
46014294	
46017410	
46019936	
46023011	
46029444	
46030959	
46032797	
46038150	
46049545	
46062221	
46064304	
46067296	
46070245	
46075310	
46082015	
46084495	
46089984	
46096656	
46102329	
46105280	
46109830	
46112176	
46113809	
46115119	
46120595	
46125654	
46127449	
46135030	
46147853	
46151540	
46153074	
46164570	
46172370	
46185610	
46189617	
46194998	
46198152	
46200804	
46201974	
46205291	
46207577	
46210758	
46223592	
46227986	
46229223	
46233400	
46235197	
46238797	
46242776	
46245382	
46249227	
46258286	
46261384	
46264152	
46266886	
46268602	
46273299	
46278835	
46280248	
46284355	
46291445	
46297789	
46302015	
46304327	
46308196	
46313633	
46315552	
46318527	
46323379	
46330237	
46334021	
46343615	
46352768	
46354919	
46361479	
46371166	
46385415	
46389408	
46399147	
46403386	
46405456	
46407860	
46409066	
46412467	
46413960	
46419194	
46423300	
46425808	
46429924	
46432404	
46436501	
46443431	
46445301	
46448994	
46450989	
46455410	
46458238	
46465160	
46466576	
46474127	
46476650	
46480636	
46485845	
46490708	
46493615	
46496433	
46500185	
46503027	
46505647	
46522824	
46525952	
46531350	
46537344	
46539617	
46544110	
46551533	
46559246	
46562779	
46567175	
46569265	
46571790	
46573741	
46577813	
46585504	
46589804	
46591718	
46603267	
46606219	
46612584	
46614790	
46622025	
46626192	
46634462	
46638849	
46645302	
46649715	
46660986	
46663053	
46669805	
46673822	
46676243	
46680745	
46685670	
46689018	
46692528	
46697778	
46706802	
46710965	
46712910	
46734362	
46741855	
46745707	
46748599	
46751574	
46754661	
46757630	
46760057	
46772206	
46774060	
46782393	
46787764	
46792551	
46795550	
46799512	
46801025	
46810828	
46818108	
46820817	
46826445	
46831246	
46836404	
46839158	
46842604	
46847868	
46850918	
46856454	
46859369	
46868993	
46874806	
46876029	
46878060	
46883367	
46886829	
46890583	
46894436	
46901304	
46905167	
46909314	
46913083	
46914370	
46921211	
46925795	
46927248	
46929830	
46936737	
46941638	
46960910	
46968240	
46981624	
46983980	
46990568	
46992299	
46997309	
47001796	
47006513	
47009464	
47015940	
47019259	
47022816	
47025347	
47030831	
47034691	
47038296	
47045129	
47046530	
47053903	
47061351	
47065588	
47070565	
47074490	
47087339	
47094360	
47099120	
47106645	
47109847	
47113726	
47115050	
47120490	
47128122	
47130647	
47138557	
47142435	
47150041	
47152683	
47154222	
47157492	
47160211	
47163553	
47165620	
47167356	
47169898	
47171481	
47175900	
47182436	
47184243	
47195320	
47198515	
47201465	
47206949	
47208929	
47213617	
47217419	
47223022	
47224554	
47228259	
47231686	
47239282	
47244370	
47248823	
47250946	
47256786	
47264518	
47269573	
47271317	
47275149	
47279790	
47283743	
47285727	
47289003	
47292076	
47302885	
47305688	
47316710	
47322276	
47331496	
47340423	
47344822	
47347171	
47351315	
47358751	
47360674	
47362442	
47366115	
47367734	
47369182	
47378348	
47389516	
47396416	
47397904	
47400080	
47406968	
47414071	
47422937	
47424174	
47428707	
47430399	
47437427	